5561220798
5564720208
5567822407
5564815776
5564336401
5569232357
5590705058
5566879127
5561916445
5561072983
5566711924
5561137851
5561892570
5565795845
5565340568
5562970029
5569822850
5568905615
5564759131
5566811567
5592796600
5563403145
5566264791
5567914113
5560527193
5568402712
5566531678
5565084760
5565066783
5562877505
5565434460
5564750023
5567647895
5565144028
5563114239
5569441768
5593750358
5563010189
5593793564
5567866198
5560326505
5560021569
5565356168
5568284482
5563222735
5590275797
5569610941
5561287144
5594357500
5592852460
5564209723
5590347414
5591145494
5593892309
5567309033
5566652110
5568234933
5566501614
5566550603
5566284591
5590234430
5567376800
5569912024
5593104697
5562084102
5569401184
5566321468
5567828818
5593033409
5591199434
5565655759
5591944672
5562691344
5563787083
5561113761
5568252323
5565976239
5594336835
5563139673
5564987138
5564367067
5563369981
5566171855
5568152481
5562878164
5567228134
5562176098
5561886663
5566762075
5568639636
5563470391
5561784249
5592882749
5564713542
5562467463
5569235566
5563396141
5569297681
5591669394
5591422976
5565674909
5561942367
5562964105
5562666387
5565755450
5568678196
5566465901
5560604109
5590063482
5590439906
5568265432
5562790369
5564079506
5569837569
5566482542
5564237294
5568341027
5569765281
5566619523
5567785828
5592471170
5565176012
5590994694
5566389176
5568288137
5564113644
5565622692
5592311269
5566734124
5561905984
5593609372
5567788996
5565974309
5566358601
5591087571
5567400667
5568364912
5591963995
5564834173
5591602130
5563541407
5562939594
5593323958
5593064438
5562950831
5566203781
5564466455
5590709936
5560640806
5591158158
5566448261
5566748280
5561931543
5564011848
5567602478
5568504236
5562988070
5567363253
5563683928
5561639674
5565469243
5565243267
5565523031
5561761775
5565953485
5562481563
5561931956
5561787671
5567624316
5560844929
5562037720
5567792717
5562345594
5560901836
5567988521
5590555727
5592727407
5566166848
5567881767
5566607833
5566423579
5561890285
5592127509
5563110104
5562282995
5566564505
5568009723
5567897409
5567530489
5566496815
5567941272
5569629388
5566604756
5561229211
5591506588
5560647801
5566821996
5564337060
5564719473
5566397138
5566607759
5567892475
5560293994
5568592876
5566412887
5562052141
5563284586
5590685946
5568842511
5566901418
5569493728
5590180732
5565739587
5568814270
5562201300
5564914637
5593664377
5569292591
5566038104
5566221015
5563697639
5569205064
5567090583
5560583527
5568525413
5568594088
5569241671
5592350085
5567540876
5568434079
5562846856
5567438113
5590743844
5593734063
5565162418
5566108253
5569644643
5568009251
5564105764
5565016507
5590618582
5560630914
5564932522
5560240128
5562876762
5565026654
5561092221
5591403406
5564794609
5560623661
5563928612
5563405611
5560998584
5561898205
5561616326
5565970679
5564060803
5591163844
5564888583
5565593893
5564136124
5569703720
5569340176
5564803053
5565217626
5566299946
5591255004
5592777188
5566204573
5565327540
5562310333
5567837306
5566787502
5561938985
5567163257
5565626008
5568220338
5566383708
5592550668
5567869291
5593927451
5564130242
5566810213
5568437239
5568433188
5592974207
5563951614
5562550128
5590511365
5563023661
5563974046
5592133523
5564586393
5563997468
5563519965
5560441569
5592308935
5566906185
5565709390
5563511186
5566571658
5590304324
5590988183
5564605516
5564781317
5562346089
5560598079
5560932583
5560866781
5563678571
5563308021
5567838353
5562913557
5564215001
5567008569
5560885963
5562358522
5565163788
5567758767
5590822945
5564864535
5564596640
5568359193
5565274130
5564378619
5562249069
5569290447
5568885858
5566476684
5592959059
5562335512
5591837165
5569654956
5569998841
5560874447
5564037413
5569845224
5594200254
5565807780
5592890841
5562964477
5565721890
5560930611
5569161622
5567138333
5567257695
5569281941
5566556162
5565126017
5569868762
5567595920
5566956115
5560809369
5568867443
5567657365
5590362157
5561384768
5566800198
5562306067
5566968060
5565584488
5568930498
5565594396
5594195595
5563983609
5591671762
5567970073
5567339063
5593729337
5566634977
5591695670
5566994009
5565340527
5592504731
5592374713
5566708615
5565977609
5565990875
5563395143
5566703400
5592698038
5592029002
5564518081
5564629722
5567980676
5562281286
5568478126
5568963556
5562435379
5592979925
5590207808
5564754033
5568736655
5567034607
5563086247
5594760836
5567462428
5591069223
5562947746
5562667120
5565682746
5568666597
5591143796
5590097431
5566059738
5566859020
5591506174
5568872906
5563512333
5562343854
5566029566
5568281553
5591264527
5563718526
5565854956
5565445672
5565910923
5568171192
5590707021
5568549116
5562608264
5568842859
5566788849
5567117394
5565594255
5569459893
5566428925
5566920863
5568842180
5590212964
5591262687
5591079735
5566529870
5591970396
5569180085
5568088198
5593152019
5592174196
5569805731
5593894024
5567879944
5563195758
5591752216
5566347745
5591223432
5591273254
5564490489
5591527501
5591911622
5591618714
5566137211
5569785149
5566218235
5569207045
5565346854
5590572037
5564660990
5566665211
5566177217
5592810989
5590669858
5560612516
5566266267
5569042574
5567116685
5566035597
5565979407
5564990173
5565685277
5569268500
5590528062
5569520553
5566624614
5565465324
5593949182
5569325516
5566813761
5566198924
5567950075
5565219424
5560417254
5566824628
5566060876
5566514799
5566569488
5569823163
5563241594
5566182548
5591679542
5569414377
5566720982
5566215454
5590304530
5565670295
5566057633
5592821838
5592373889
5565430385
5569725426
5567550354
5569163198
5567580674
5567355002
5569047722
5591078588
5567300784
5592740749
5566418413
5567025902
5564321684
5568709355
5563208494
5566847884
5567779359
5568938483
5565962205
5569356180
5567828255
5590454467
5565400636
5565349015
5566584339
5566239421
5593034514
5562640143
5564863479
5590815618
5564700556
5569195539
5568367220
5563799088
5567488761
5565886362
5590695374
5567669188
5590491162
5569918484
5591346480
5592213036
5566255237
5566804612
5569363566
5567735476
5566126677
5567525190
5562738061
5591451413
5591171797
5562178383
5592141971
5566906052
5566866512
5564818937
5567847784
5564639184
5566672654
5591024004
5568194533
5560997065
5566356860
5569655524
5564538451
5565013827
5590211800
5566283619
5565784179
5564446200
5594501420
5561991349
5562753904
5569837270
5590986146
5568901671
5565165072
5566586359
5561946152
5592889355
5567830830
5569182719
5560934464
5566689823
5563025708
5561386540
5564030988
5591516702
5565508339
5567983985
5565237699
5590465869
5592745243
5565452298
5568411390
5566595079
5592618820
5566301015
5566160924
5569782658
5561516591
5562890177
5562627728
5565427258
5590936695
5564277712
5565426094
5563867588
5593220048
5567620884
5563393783
5562282771
5568292840
5560412859
5565955654
5563911097
5593347007
5567063002
5568218886
5561818690
5563317915
5566821087
5590538913
5568359466
5567056378
5564179678
5568861446
5561032763
5565396750
5569171886
5591870554
5566190665
5563280055
5594200023
5568377302
5566115563
5592651912
5568667470
5565220133
5566730676
5567965008
5590912563
5591509996
5590945381
5569555369
5561974196
5591616353
5568341357
5594067323
5566888334
5562187749
5593737025
5590716949
5592593932
5561034058
5569655144
5568274053
5591183370
5564463874
5568885940
5566616354
5568757644
5590453428
5565639308
5565299921
5567745707
5568270150
5569341687
5593107245
5592877640
5563019487
5568665995
5593515439
5565467122
5562122183
5563203941
5565890851
5567406821
5590242482
5591959035
5567713291
5591310007
5562996024
5564063054
5569964546
5590128897
5562167451
5569698755
5590027792
5566530159
5569647190
5566543418
5590802913
5563717080
5560410648
5564069861
5568010150
5560806092
5565498937
5590718705
5569559510
5568444144
5564647989
5566065776
5561774166
5591323588
5566658232
5590976832
5562521111
5567337745
5563802262
5590557095
5590108618
5568553340
5592168396
5568605207
5565311676
5593241994
5569452609
5566842695
5590063920
5591651202
5592799554
5568389307
5567737738
5568729049
5564936754
5561437293
5592251499
5569032179
5568714967
5568328610
5590538558
5565718045
5591992556
5568107329
5568141336
5592418346
5565895132
5568864713
5592822133
5562954569
5592436850
5566185863
5592933948
5562889732
5566464078
5590549993
5568345366
5568152226
5568042989
5566432141
5560942699
5565738639
5563274751
5569375594
5564898616
5568238298
5591666804
5591498331
5569153793
5561996504
5565531364
5562494723
5565043485
5590522800
5564504842
5561935106
5561985598
5593129355
5566027446
5566770599
5563111953
5565829982
5566845292
5591543581
5567600126
5569477671
5560709429
5566586847
5561905802
5569015869
5568593288
5590927967
5569267676
5563651958
5564212453
5566532114
5563242287
5567143697
5567515472
5566840194
5563877231
5563569390
5562297985
5567830871
5567334635
5562644608
5591470041
5568130818
5564685054
5562181361
5562880277
5568380686
5566648340
5569176034
5566069638
5592115405
5566861398
5562134261
5562069087
5567159834
5562560424
5562679745
5568774953
5592657281
5564258415
5564929742
5561756916
5568418692
5565552378
5569316788
5563170199
5565763298
5564645322
5567559405
5566843677
5566612551
5568150188
5568734734
5593240905
5568572597
5567693436
5566507447
5561491175
5568418643
5561015230
5560916859
5567322093
5568395270
5566984760
5593819096
5590098751
5569543068
5562981604
5566479795
5567848667
5562130137
5591110613
5591602734
5569954604
5562961861
5560404971
5565428439
5590938733
5592664451
5590472980
5566071386
5568376114
5566028386
5568138449
5592256860
5564927936
5569806895
5565654877
5562676709
5568845175
5560612656
5593259723
5592190093
5561257147
5562199447
5591435358
5569227803
5563643674
5566874532
5567819312
5569823692
5564245495
5561942615
5565479929
5591712814
5562716141
5567131346
5569388761
5565713681
5565660916
5567275333
5565222071
5569911497
5562368281
5560754706
5561012617
5566145354
5560781451
5563267987
5569212516
5564633443
5560672205
5561694554
5561764357
5561533661
5568071400
5569553463
5566962220
5567745566
5564724325
5566316435
5562257112
5592911241
5560643602
5566112024
5564397361
5560695651
5568117054
5567429047
5567456230
5566080031
5564735248
5564366069
5564387735
5569745556
5563358679
5562941665
5560915034
5593623324
5560376138
5564228087
5565728309
5568637226
5564225638
5563662039
5569820227
5563753077
5564914280
5567155857
5569975153
5590209721
5567209647
5566593769
5566455951
5560412537
5569710899
5566305487
5566474705
5569513780
5567832851
5593166241
5562222421
5565560199
5560876913
5590329404
5591704381
5569022568
5560994385
5566019708
5590685433
5561671255
5569614737
5565037354
5561047290
5561523951
5560409582
5568511298
5562618644
5561491365
5566033964
5568499387
5564338548
5569478091
5567164800
5560360785
5594331547
5561205476
5590307806
5565848420
5564800836
5562904887
5565667382
5567870398
5566959705
5561028852
5561947572
5562955285
5590337084
5565012241
5592249204
5567684849
5562050640
5593370231
5568438633
5567572234
5560837998
5567105290
5562679059
5590236500
5563950400
5560333576
5565549598
5569370694
5564384187
5565746558
5562766294
5566150651
5566983523
5565707287
5566999099
5561325084
5560992595
5563209088
5566717426
5563482131
5563211316
5563475515
5593424640
5592018013
5591597546
5565592739
5560428095
5564868528
5563505204
5566956800
5563210110
5590227368
5565294831
5564709078
5590720834
5565479309
5591860126
5567459978
5566645569
5591425334
5563613925
5566991179
5563098119
5561894519
5563421436
5560628538
5564239209
5561427385
5561506188
5565573739
5590276811
5566359609
5590881792
5565527354
5591264535
5569393217
5560512971
5560710914
5560515685
5568899719
5593457046
5562054519
5564132230
5562820836
5592085996
5569209868
5590953963
5590067871
5566482260
5568669161
5592903644
5592595663
5565358776
5564718525
5560639451
5562692631
5561841445
5569546855
5562248459
5563879187
5564764743
5569395915
5591860738
5566115720
5561469064
5566431911
5567982441
5591170468
5590462080
5561950717
5566635792
5566479035
5569246589
5592820038
5565482097
5565823829
5563170827
5568817299
5593026247
5593070492
5566692090
5566167895
5563108942
5568992761
5560668591
5569578643
5569990160
5591705644
5564271368
5567382956
5562310440
5593445439
5569675068
5568448780
5564984879
5591887954
5566253430
5565086161
5591775290
5592491111
5565146031
5590871181
5567980429
5569481350
5591307235
5591436307
5568736309
5563261733
5591085336
5564577038
5590644562
5569238222
5568172786
5565218061
5592070253
5594085226
5569530511
5563028421
5590004460
5561663260
5567829931
5562926567
5564239753
5590324868
5561264382
5563070076
5561432310
5565934204
5562085778
5561452201
5564488566
5565758959
5561715359
5564900081
5567073514
5564207586
5569219032
5568865983
5566021977
5565617064
5569127649
5592074883
5566066394
5564451598
5567462402
5569382863
5565631016
5568014210
5568212780
5565059481
5567196950
5569899668
5561917120
5593305799
5569566051
5590211206
5593056517
5565688107
5569478968
5565001517
5568729064
5565963799
5590577770
5569517435
5562712728
5590411327
5592322522
5568221351
5564950300
5564502135
5565809711
5591338131
5565312898
5567609978
5561656645
5567494223
5591977664
5569242869
5567891303
5569691826
5561305714
5565199659
5590110309
5591903108
5567684906
5567720023
5563292928
5568926751
5591495287
5563448066
5593611030
5561469577
5565965786
5563477073
5566680699
5564558707
5592234370
5565371423
5561302851
5561434035
5561597963
5565275681
5565762530
5592460538
5593326894
5567793863
5568669757
5593177537
5569434656
5569215659
5592627003
5591929723
5567181317
5567883003
5567182844
5590339353
5590503982
5564234218
5565279634
5566341615
5567771919
5565952305
5564494564
5566196969
5567669469
5565771820
5565185682
5563888485
5562582303
5591356034
5562967728
5568615479
5590512488
5563436178
5561271882
5562458355
5567880900
5562179498
5591656557
5561393710
5566387139
5565737953
5567841258
5563761369
5566771605
5591599005
5567156079
5565218897
5590194881
5568340284
5563903904
5566957444
5564740941
5566157334
5568662992
5566449202
5590637152
5565550026
5592726896
5562757244
5561896142
5562561505
5561614123
5564836848
5565575247
5563351112
5568495096
5562547421
5562262906
5565302840
5565959573
5568132418
5591738728
5563687473
5560382367
5561146902
5568247588
5568806896
5591828594
5560537614
5592473630
5567056303
5565098406
5566510631
5563289692
5590819180
5590096698
5568402878
5562633833
5591345847
5564208865
5560499526
5569072225
5566132212
5569709214
5592979503
5568843709
5564247699
5560535964
5564188075
5564380730
5591512222
5569366817
5566235577
5592600182
5568947260
5565683116
5569576050
5568698590
5566991526
5567907190
5566402201
5565627006
5591640445
5569506883
5565972154
5567222459
5565846382
5566716287
5565564258
5594442914
5594051608
5568725906
5564810074
5569057671
5567477640
5591267041
5563751568
5593566119
5591400212
5569075913
5567538722
5569080533
5563611325
5561342527
5566560875
5592538630
5590997283
5593507782
5563327351
5567647796
5569220725
5591764161
5561202465
5564146800
5590011671
5592319726
5593439853
5590366315
5564761053
5593135907
5565023925
5594116021
5565531299
5563971273
5562428119
5563266138
5564185618
5564412566
5562636554
5564050846
5565563706
5568179179
5561928721
5591819593
5567710099
5562140755
5562467760
5563761690
5568048614
5591702179
5569157323
5594002031
5593854853
5592919079
5565225132
5565440400
5590333919
5564287950
5564448222
5568849557
5563114957
5562113273
5562235365
5565992590
5568364755
5590708292
5564602224
5563224343
5563361442
5561172171
5569524365
5568704463
5563953164
5564169786
5564900800
5568455447
5562170513
5591335046
5569942922
5560832379
5565838496
5562020817
5564753019
5564107463
5561873570
5591295661
5566501788
5564540440
5567119226
5562910421
5561379768
5563635746
5567253348
5564413903
5565265625
5563712628
5565841920
5566872015
5566329594
5592613821
5561067363
5563360139
5560580432
5567758551
5565517298
5566291273
5569952186
5569589459
5564278447
5590380076
5568956956
5560288648
5567583447
5565435558
5561693549
5562246818
5564647856
5564799590
5561287318
5566659230
5562829910
5569406548
5562569078
5568044449
5560507088
5568353691
5564045911
5560447251
5566774906
5565011706
5563453439
5561897199
5591401830
5563836146
5567819957
5566097837
5567521264
5565238341
5566911524
5562444355
5564626298
5566321351
5569495103
5593250599
5591142475
5562358878
5567945042
5567424386
5560952672
5560294034
5564244928
5569654733
5562007152
5593318339
5591802698
5564937463
5566969464
5567640908
5567890214
5565817326
5567660013
5562965532
5567402739
5568962251
5569512071
5591720817
5569026924
5569062382
5561815001
5590961453
5591088397
5569526832
5590763487
5569673105
5567592604
5566682216
5567937809
5566197991
5561932673
5566400312
5563199255
5565462073
5569434607
5567292130
5565795555
5569031361
5565542510
5565007019
5566036199
5565862611
5569925992
5564274115
5569250805
5568311095
5592370711
5560762741
5565807079
5566886940
5567824544
5568324965
5567738710
5568014327
5561582700
5566605274
5568887698
5566724828
5568643760
5566632567
5564664307
5561810820
5591647739
5591079602
5568618754
5568444185
5566858766
5565722344
5592567431
5566052436
5564909462
5564425469
5566903141
5568487010
5565956553
5590406574
5566515689
5591269195
5565929808
5565679049
5567154009
5591685291
5561586222
5591470454
5567439400
5590798426
5591692594
5562188275
5566707765
5565459350
5561728030
5591825756
5567171953
5566981766
5568253990
5562172741
5567846570
5562981976
5561942474
5565323887
5560809625
5566465059
5594439696
5569790982
5569006306
5564144607
5590146378
5567386189
5568282197
5561048744
5590048707
5565451621
5564196532
5566047832
5567942171
5562261437
5563698801
5568446354
5567159933
5591396378
5568296395
5562846724
5566953807
5564495702
5568110893
5568233471
5569902660
5564244761
5564362985
5565813762
5565893780
5565279261
5565840468
5564676459
5567009922
5590086046
5592596778
5567009146
5566119151
5568920317
5565194510
5563206100
5592540917
5568686678
5566200886
5566858956
5563251247
5565381752
5565657391
5565388062
5566358841
5566015847
5560636796
5566818653
5562128164
5564819364
5564223096
5561977710
5564709185
5592734205
5592361728
5569674608
5567717094
5563533230
5594143389
5561183525
5561542795
5563726834
5564581253
5562864685
5567150734
5563610624
5560973488
5560579137
5562311323
5562182476
5561256354
5562196849
5564407822
5562222900
5568804222
5561356626
5564958063
5560981507
5564742152
5564995594
5567364400
5563835809
5564416864
5563380343
5560598582
5562551225
5569889651
5563225316
5566641279
5560432691
5566484928
5567274419
5562142397
5564363850
5561374983
5563693158
5590264288
5566914254
5566510425
5563094035
5594544925
5564347283
5566873674
5563343846
5568616592
5565884565
5566786298
5565765616
5564227360
5591444855
5567536734
5592349996
5591426829
5569257180
5591608798
5566501093
5568225618
5590935242
5564346954
5568918261
5563950194
5566801444
5560577099
5564331048
5567757884
5561943274
5568582984
5569138372
5590719117
5562749050
5560653338
5560621152
5566615828
5563679496
5566510367
5568250095
5592014129
5561490912
5564747748
5590535646
5560769969
5569304768
5568107055
5590477229
5567316343
5590195524
5567757843
5564017464
5568448376
5560951526
5565353769
5565873147
5565099529
5592728736
5593192643
5561109348
5567722672
5565679502
5568108301
5562835545
5568306590
5569808362
5561218081
5560717463
5561271726
5565227864
5563864759
5591406896
5568572324
5563021616
5562667492
5563302347
5560698366
5567632541
5564593068
5566540422
5563146637
5591095210
5590573415
5567072060
5563004067
5569759458
5562696095
5564290350
5562846336
5568165780
5567546816
5561296723
5568499510
5593201253
5566926050
5592919699
5564268737
5563440097
5566163621
5591150189
5591525356
5567079214
5565103008
5566472733
5590549829
5566041009
5567150619
5569305492
5562704618
5568730450
5565188256
5567263792
5564454964
5567021943
5569718132
5564558996
5562605914
5562041763
5590362140
5590935937
5566316898
5569004822
5569278657
5561271098
5564355161
5565740478
5566370143
5562625862
5564212727
5569797813
5564821873
5564681863
5562266436
5565620621
5592655269
5565659025
5569140287
5560491952
5566592696
5569797235
5592385255
5566018510
5590899802
5567585327
5590185459
5568980816
5560869918
5566127741
5565895983
5591093033
5566896758
5566869300
5564958337
5564099009
5567950836
5592178577
5568408875
5568825730
5569271934
5566842414
5567963896
5566084561
5591730337
5567603633
5561964130
5592825300
5566137021
5565208542
5567804801
5566272927
5569935041
5568327901
5567514996
5590890421
5563325785
5568410426
5562374107
5565157376
5562365634
5565543898
5564245446
5561357988
5569537888
5567251755
5561986539
5564604709
5563430429
5562274406
5566464821
5593762213
5566464789
5592095755
5566436902
5568994114
5566478987
5560553504
5563366490
5567380836
5563688703
5568937634
5569737413
5565968277
5561064543
5567845051
5591803555
5569403156
5562993294
5561904524
5568545106
5563325801
5562678747
5590102512
5561853440
5563991925
5590023403
5567915318
5590887468
5592132574
5567030977
5562324771
5592857501
5566141197
5567030506
5562410802
5566664396
5566096045
5592950306
5566847215
5567530919
5560506817
5566106612
5564464666
5563837136
5563939478
5564516408
5565862058
5568271471
5592489743
5561451211
5593842452
5569095655
5567677454
5592441397
5591926596
5565696688
5566685425
5565026464
5564725397
5591241509
5563109155
5590296025
5566093901
5562332477
5590120415
5565567301
5592079387
5590565734
5566858592
5561761916
5564675055
5566707039
5560419326
5561167551
5565930558
5568953300
5564928819
5562883016
5563725984
5561665422
5564303880
5566766258
5565681433
5593178592
5593206203
5566037940
5592290240
5562381805
5569664971
5566599451
5569402273
5562669415
5562500271
5567346787
5566289905
5566773676
5565119400
5564342466
5563660207
5569263394
5566234364
5590272067
5563326726
5566672589
5590377874
5560282948
5569413270
5569692303
5566637921
5564336518
5565861845
5591994503
5566368253
5566738836
5567491187
5560451378
5566227483
5594559311
5569339616
5565009999
5591179949
5567891360
5569986192
5590244520
5564041555
5565865044
5567299416
5592421258
5567966097
5561217729
5561843995
5564564507
5560071473
5567369441
5569242745
5590914015
5564368248
5560764408
5562095884
5569941056
5591930820
5566000377
5563233799
5590608641
5592271877
5560528514
5593914624
5591536692
5593014169
5567135610
5566697412
5569148223
5563486694
5590477922
5563699817
5564895513
5561710277
5590238548
5568875073
5562204494
5594550930
5564596079
5591999106
5592786361
5568433196
5564991692
5568300023
5560700279
5565302444
5568162381
5560215286
5565933495
5564460169
5590721360
5565873014
5566717822
5592513138
5565399507
5568172513
5567496491
5564197878
5562228188
5592986136
5562373026
5564778164
5563893717
5566321518
5562784909
5567110282
5590524293
5565134045
5590092614
5562208529
5568088677
5563885689
5561699561
5566308168
5565902797
5568046303
5567761316
5569313744
5562784040
5594376799
5591075709
5565039012
5562415868
5592894363
5567086904
5562614072
5563668572
5561154682
5563141034
5562831619
5564414364
5590364385
5568929169
5565196382
5565982088
5563880318
5565762704
5566726369
5563983336
5561685230
5592558034
5568792096
5568355399
5568983968
5590608211
5564767605
5569968612
5563127314
5565582987
5590764949
5563365823
5562653773
5564640224
5567609713
5591881197
5591714182
5569854093
5560946807
5563138378
5590132881
5569442501
5569016990
5567722300
5569036584
5564315462
5567810139
5564442621
5568423148
5564371739
5567855365
5590422001
5564362217
5592763642
5561660274
5565578795
5561835306
5566226410
5562169770
5566409230
5590513817
5590324207
5566468921
5565865523
5562160183
5569192577
5590656806
5562556133
5563469922
5569763468
5590655642
5593387094
5567060826
5565189379
5593372724
5568363856
5566450630
5566613815
5590450945
5591779243
5565742227
5592379092
5560779158
5566260922
5560642042
5561867929
5562356682
5560597766
5591949853
5568223423
5593343451
5567612865
5569123754
5591694517
5569570640
5567810097
5567566855
5592932213
5568318637
5569356735
5565182994
5569465312
5569546145
5567015366
5567452858
5561775254
5593252280
5567711345
5569931115
5565751251
5592684038
5563421634
5591319743
5593949406
5592465461
5590805932
5592016314
5568627466
5563411718
5590765573
5591465504
5592023484
5565391090
5569749640
5593533754
5565657599
5565722161
5594488248
5567449219
5563213197
5560867680
5569426512
5591401798
5566614250
5567848261
5562514009
5566983374
5567428858
5590206677
5562714492
5567075154
5590725106
5564754140
5566097845
5562210491
5566363536
5569535460
5591195721
5569037046
5565874293
5560792243
5565991733
5565881413
5564547841
5568422918
5563259505
5593304966
5590609482
5569681496
5569726101
5562384692
5560869413
5564071693
5591132963
5560894924
5590995345
5565345252
5567770150
5568471246
5563519635
5565777660
5569498560
5561612168
5566951546
5561304261
5566226998
5561953018
5560637828
5560282591
5565158572
5560082231
5562708932
5566809843
5591039630
5569891111
5566000815
5569546525
5565849246
5566288311
5566029699
5569643561
5592427016
5592139736
5566090584
5562332238
5569098568
5566705728
5569598476
5590707500
5592844376
5569353336
5566572276
5564749538
5560376518
5592311889
5565980850
5561876854
5567457774
5563022747
5567091565
5568014863
5560875493
5561962332
5561150847
5593652638
5590018056
5590884689
5567276851
5563819670
5561236448
5563086312
5568553597
5566992706
5563132058
5563425304
5563276038
5567142012
5560633645
5563276087
5569945586
5565603825
5567351316
5562592849
5562599083
5566329289
5560389206
5592026347
5564501574
5568037203
5565434866
5590759212
5561163212
5569614091
5566020698
5564748472
5590856794
5565125779
5569236069
5590623236
5563594661
5562851559
5564062163
5560461112
5592691553
5566164504
5561693473
5567379267
5565094306
5591850770
5563142347
5590796248
5563146579
5569555799
5562688985
5568248404
5566364492
5566561477
5568757388
5567948541
5569563496
5568941479
5566549019
5568722549
5564361763
5566301825
5564864097
5566455555
5565129847
5568649536
5567697544
5593886350
5560987876
5560771015
5569098683
5566695507
5564221363
5563634558
5593854846
5564433901
5563312262
5568903388
5568999790
5566502331
5568133135
5590989074
5560710039
5591187116
5561682203
5565364527
5565384236
5562897164
5567236293
5566450549
5565319190
5567031009
5569594020
5561216663
5566492327
5564881554
5569167355
5567452445
5569805335
5564840824
5562803048
5566712369
5567434799
5565778098
5564401452
5564883741
5590921655
5563476182
5561794818
5560699604
5569787582
5566277090
5568256753
5562684315
5560548892
5565462842
5564455730
5594285743
5563109718
5567385314
5566180161
5560328527
5561999540
5565409892
5564414844
5565617031
5566212709
5566985866
5562257518
5564016599
5592570252
5567244032
5593108490
5561840835
5567273577
5569393936
5560999053
5569811192
5561072926
5560782566
5561002337
5567947667
5566366711
5567082986
5567759120
5566798848
5565858502
5567850572
5566101811
5591498745
5591491450
5563298172
5563397263
5590437033
5565537015
5561764332
5560666629
5568390719
5561665968
5564674561
5591851711
5593663429
5593156481
5592162282
5590071378
5569622003
5564798733
5565929824
5590898598
5590553656
5565832879
5568403116
5568634116
5592338957
5562370402
5563385821
5591317168
5562042894
5569338303
5569989931
5591760847
5568004278
5562625656
5590337811
5593704983
5567645808
5566201645
5568793672
5590563978
5567066781
5592292501
5564539210
5591326573
5591475990
5567014179
5567483721
5566589262
5565207544
5566136593
5566373519
5591694566
5567805766
5565651295
5566104344
5564324068
5560665746
5566503321
5567646533
5561004770
5569770083
5590938626
5594210519
5591056774
5591097364
5568379969
5564890118
5569439374
5566016571
5590234695
5590556709
5564909512
5593268930
5591951677
5566940796
5566769351
5591501266
5565862207
5592303365
5592694276
5567412241
5566321195
5591961916
5564453842
5567586580
5563023547
5569873226
5566161724
5566126719
5568615859
5564421799
5569815425
5562386309
5562268994
5561887992
5566404694
5561361907
5568403579
5560785114
5565766937
5561432013
5569169948
5564992880
5592630908
5564182086
5561936260
5565746061
5566686662
5565687489
5561486845
5565312583
5566618392
5563979524
5565071619
5564813318
5561600759
5565150215
5565455655
5566092556
5592805088
5563612554
5561533125
5566019211
5565814703
5566550942
5565336293
5562161355
5561455469
5592123094
5562592575
5590873161
5560650086
5568008261
5566896261
5568102791
5567075998
5560943549
5569741126
5565047577
5568678600
5567657415
5568206857
5564955408
5567304612
5566344767
5565880506
5590224019
5561037317
5567565048
5565315859
5568182637
5591302020
5562267624
5567969307
5568362510
5566970439
5564768942
5560581018
5562717875
5564595634
5593572687
5569186538
5591335426
5563574143
5569376477
5565651519
5565667333
5569167017
5569630493
5564677887
5568129836
5567670962
5562051325
5560627613
5590066352
5564623840
5563506145
5564495371
5567988687
5569810160
5592244254
5569033979
5563450617
5568035686
5567605802
5569126716
5568995582
5590533153
5561234070
5565206918
5592683444
5591349922
5590097589
5566451265
5569690935
5569079246
5567116966
5592227002
5568638646
5563669539
5591088199
5591043582
5560603986
5565654927
5564921459
5567073951
5592833130
5568982556
5590999131
5560722885
5566115456
5592492697
5567192843
5569612780
5565003091
5566975560
5564464062
5565664868
5567292593
5563544138
5565001798
5566347034
5562507318
5567645816
5591705313
5567476642
5591406334
5569643363
5591358378
5592026396
5565165601
5564683646
5566262910
5569833154
5564058088
5566175914
5590113899
5566815071
5568859242
5567447890
5565555553
5569486631
5567586036
5560945262
5592936917
5569372559
5566569082
5564039286
5565767000
5566216882
5565929626
5564048865
5561937722
5567744452
5564295185
5565019113
5564302593
5564644986
5568703762
5569019325
5565454542
5567098115
5560390279
5564544897
5564601929
5566106091
5566418702
5592213515
5566071956
5566446521
5590909221
5561033449
5563730075
5567651590
5563402600
5592556723
5562088897
5568404684
5567215503
5565015525
5563131225
5565387742
5566494158
5562228592
5592392111
5593476806
5563349660
5569771651
5563475150
5566453998
5561354126
5566347430
5565324729
5568756620
